{
 "cells": [
  {
   "cell_type": "code",
   "execution_count": 2,
   "id": "16f010f2",
   "metadata": {},
   "outputs": [
    {
     "name": "stdout",
     "output_type": "stream",
     "text": [
      "1 2 3 4 5 6 7 8 9 10  \n",
      "2 4 6 8 10 12 14 16 18 20  \n",
      "3 6 9 12 15 18 21 24 27 30  \n",
      "4 8 12 16 20 24 28 32 36 40  \n",
      "5 10 15 20 25 30 35 40 45 50  \n",
      "6 12 18 24 30 36 42 48 54 60  \n",
      "7 14 21 28 35 42 49 56 63 70  \n",
      "8 16 24 32 40 48 56 64 72 80  \n",
      "9 18 27 36 45 54 63 72 81 90  \n",
      "10 20 30 40 50 60 70 80 90 100  \n"
     ]
    }
   ],
   "source": [
    "a=1\n",
    "while a<=10:\n",
    "    b=1\n",
    "    while b<=10:\n",
    "        c=a*b\n",
    "        print(c, end=\" \")\n",
    "        b+=1\n",
    "    print(\" \")\n",
    "    a+=1"
   ]
  },
  {
   "cell_type": "code",
   "execution_count": null,
   "id": "cfe02a82",
   "metadata": {},
   "outputs": [],
   "source": []
  }
 ],
 "metadata": {
  "kernelspec": {
   "display_name": "Python 3 (ipykernel)",
   "language": "python",
   "name": "python3"
  },
  "language_info": {
   "codemirror_mode": {
    "name": "ipython",
    "version": 3
   },
   "file_extension": ".py",
   "mimetype": "text/x-python",
   "name": "python",
   "nbconvert_exporter": "python",
   "pygments_lexer": "ipython3",
   "version": "3.9.12"
  }
 },
 "nbformat": 4,
 "nbformat_minor": 5
}
